1.9064	1.4881	2.2496	0.8800	-3.0956	-1.1433	-2.5777	0.6315	1.4049	2.4282	-1.2296	-2.6957	-1.4456	1.5391	0.5653	3.1350	-0.7783	1.5902	-2.2853	-0.5082	0.6077	-1.4221	0.0452	-1.6988	3.1148	-1.0096	1.1539	2.4209	-0.6441	0.2026	1.0208	-0.4949	-0.9616	1.3625	1.2538	-2.2279	0.8681	-1.3707	0.7348	0.3596	-1.7813	-3.1347	0.5590	-1.0993	-1.0841	-0.5106	2.2805	0.6103	1.5023	2.7779	-1.4621	-0.8702	1.9207	-0.5789	1.7816	-1.4800	-1.6144	-0.9567	-0.1967	2.8368
-2.8514	2.8270	-0.5006	-2.2137	1.6377	1.4647	1.7630	-2.5208	-0.9386	1.5361	-1.9064	-2.2359	1.0672	-0.3958	1.8725	-2.1092	1.0889	-1.8376	2.6580	-1.9834	1.3645	1.7842	1.9465	3.0960	-2.0344	-0.5519	0.5070	-2.6051	-0.8692	1.0692	-1.8888	2.3399	0.4088	-1.3858	-2.9806	-0.2189	1.9978	-3.1050	-1.6453	-1.2392	0.6166	-3.0724	-1.6131	-1.8280	1.3189	-0.2695	-3.0038	3.0387	-0.1967	2.9006	-2.7711	2.3335	-0.6535	2.5993	-1.9369	1.8253	1.2267	2.1459	0.2645	-2.9069
-1.0325	2.4102	-2.5920	2.3776	1.8503	-2.4314	-1.5458	2.1084	0.9411	-2.4125	0.8949	0.9262	0.4627	1.8630	-2.5141	-2.8644	2.9619	1.3146	-2.9441	-0.6031	1.4863	-2.6853	0.9025	-0.4642	0.7258	1.7120	2.0872	2.4713	-1.0083	-1.0320	-2.4578	-2.8076	2.8065	-3.0938	-2.0731	2.4691	-1.6431	2.9576	2.6593	2.7725	-1.0326	-0.2738	-0.6496	-2.7598	1.6148	-1.2941	0.3918	1.4863	2.5465	-0.3135	-1.8361	-0.6787	-0.7875	-2.4077	-2.0128	-0.3718	-2.1237	-0.2896	0.3681	0.6446
-0.6065	-2.0662	-1.8817	-0.8823	1.5068	1.7733	0.6680	0.5035	-2.6438	-1.4908	-0.8352	0.9679	-0.3147	1.3254	-1.2538	0.7793	1.0003	-2.6406	2.6614	-2.4848	-2.3029	1.3975	-3.1249	-0.4305	1.9809	0.5620	0.7913	-1.4448	-2.2963	2.0010	-1.7330	-1.4487	-0.5930	0.2543	-0.3580	-2.6105	0.1470	-0.2994	2.2196	0.9810	2.1498	-2.8127	-0.8289	2.2334	-1.5860	0.7396	-1.5160	-0.5002	2.4824	-0.7874	2.1843	1.2017	-2.8567	-2.6933	2.6063	0.2561	-1.4281	-0.5524	1.6144	-2.0317
-1.0214	-2.1562	-1.0826	1.9608	-2.5691	0.3800	-2.5476	2.1074	-3.0143	0.4701	-0.3374	-0.7361	1.7316	-1.9256	1.8057	0.0481	0.2285	0.8953	-1.3622	-0.4435	1.9022	-1.6400	-0.5337	-1.9927	1.7625	-0.8582	-1.7527	-1.3728	-3.1228	1.6428	2.1296	-1.0031	1.9455	-1.8991	1.6899	-1.7413	2.6156	1.3860	-3.1314	0.2599	2.2362	0.8949	3.0645	1.7091	-0.9716	-0.9537	-1.5459	2.0737	2.2646	-3.0156	1.8608	0.6487	-2.7207	-0.3170	0.3322	-1.4355	-2.1162	-1.6344	-1.5011	-0.1649
3.0437	-0.1798	0.8752	2.0500	2.1990	-2.6006	-1.3653	-2.5207	1.4722	-0.8011	-2.0958	-1.2649	0.0843	-0.9995	-2.0914	-0.2864	3.0809	-0.9164	0.6176	2.7502	1.3448	0.7131	-0.5352	-0.2862	0.9553	2.6267	2.2605	-2.5412	2.0325	-0.0894	0.1444	-2.3479	-0.8952	-2.1651	0.1465	-2.7637	0.6933	-2.5709	1.3140	-2.4481	1.8110	-1.9477	2.0870	0.3393	-2.7756	-1.3079	-2.3869	-1.6882	-0.8262	-2.5947	2.4991	2.0472	2.3480	-2.8589	-1.2810	-2.8518	3.1266	-1.4333	0.7199	-1.9654
0.8281	1.4786	-2.6419	2.6745	-1.4245	2.0545	-1.3644	0.0701	-2.4600	2.9137	2.3930	-1.2302	-1.0764	0.5255	2.4949	-2.2385	0.2596	-1.7626	-2.4101	-1.2246	3.0690	-2.0533	0.2210	-2.5885	-0.8876	2.1134	-2.2964	-2.7836	-0.3371	-1.0362	-2.1357	2.8338	-1.3916	0.2314	0.0777	0.4948	-1.5819	1.2267	-0.5544	-0.4832	-1.6772	-1.0966	1.0592	-0.2361	-0.4453	2.2617	2.5010	-1.9458	1.6215	-3.1128	-0.4073	-0.0617	-0.8871	-2.4694	0.7872	-2.2181	2.7407	1.1373	0.4568	0.9323
-1.8564	0.8703	0.7992	0.6075	-0.1931	-2.8928	0.0906	2.4115	2.8384	2.2916	2.9886	3.1056	-0.3313	-0.8738	-2.6019	1.0422	1.4441	1.1451	-1.6364	1.1911	-2.6314	-1.2836	0.8306	0.4348	-2.2307	1.8909	-0.8471	0.4365	-1.0690	-1.2715	-1.0220	0.4591	-0.9812	-0.3535	2.7921	-0.3732	-0.8653	2.2226	-2.1512	-2.8876	0.9198	1.6222	-2.2388	1.9433	-1.9177	-2.0993	-0.1413	-0.9066	-1.5226	0.8969	-2.4762	-0.4453	0.1871	-2.2533	2.0365	-2.9516	-0.5722	-1.3002	0.2376	-2.3183
-1.5806	0.8267	3.0973	-0.4315	1.9234	-2.9905	-1.8514	-1.3855	0.2310	2.1506	2.1225	-1.1125	1.4656	2.2832	2.2963	2.3898	-0.9645	2.0349	-2.0283	0.4131	-2.3567	2.4669	2.6238	2.6993	1.4272	-2.2727	0.1660	-0.6514	-1.2068	2.5138	2.8649	-2.1302	1.2002	-1.3719	-2.7922	-1.5926	3.0021	-2.5469	-2.1555	1.5166	-3.0743	-0.8499	-2.8398	0.4482	-2.2513	1.2526	3.0259	-1.7168	1.5808	-0.9221	-0.1054	0.4381	-2.9765	1.3494	0.2384	-2.0395	-0.5713	2.0521	-2.6659	-1.0020
-0.8648	-1.8609	0.0667	2.8452	-0.5011	2.8194	-2.7252	-0.0132	-2.3954	1.0422	-0.0591	-1.6038	1.0042	-1.3276	0.5798	-2.5301	0.8049	0.5842	-0.8640	2.6645	-0.3378	-2.9224	-0.2315	-0.3443	0.9102	-1.8073	-2.6571	-0.5614	-2.4884	-2.9974	0.7424	-0.6764	1.5026	-1.0667	-1.8033	-1.0592	-1.5787	-2.4623	-1.8655	1.2461	2.8137	2.2519	0.9605	-2.9932	0.9096	0.8905	2.7737	-0.6962	-1.4511	1.3402	0.3741	0.9318	2.3771	1.2231	2.1421	-0.3429	-3.0071	-1.1466	-0.8541	0.2896
1.4940	-0.7811	1.9686	0.4243	2.6381	2.5929	1.1367	-1.7662	-3.0298	-0.2024	0.9859	-1.2927	2.3596	-1.7199	-2.5444	2.9654	0.3235	0.0339	3.0025	-0.7305	-2.4793	-3.1238	2.2023	-3.1377	-0.4904	-0.8970	2.6827	-1.8260	2.6460	-1.7911	-1.7626	-2.8973	3.0893	-0.1890	2.1416	-2.1096	2.2925	-2.3661	2.9248	-0.6077	0.0687	1.0876	2.2130	-2.7037	-0.6640	-1.2020	-1.2042	-2.1321	0.1499	2.5251	1.5014	-1.3109	-1.2483	0.8250	2.5638	-3.1098	-2.3396	0.6907	2.5790	2.8312
2.8484	0.8626	-2.8183	1.2474	2.3254	-2.6007	-1.0905	1.9894	-2.9223	-1.9742	-2.2942	-2.7193	-2.5700	2.4576	-1.3618	2.7970	-2.8673	-0.1591	-1.3204	0.6701	1.4178	-1.1772	-1.0674	2.2463	0.4992	-2.6856	1.8092	-1.4659	-1.5622	-2.0196	-1.7094	1.2101	-1.4038	-0.4228	2.2016	3.0523	-0.1654	-2.6955	-0.2117	2.8667	2.4645	-0.5876	0.6021	0.9787	-0.5006	-0.3319	0.0526	0.7151	-1.7366	-2.0290	2.5516	2.5581	-2.2720	1.9301	2.9231	0.6056	0.5184	-2.9070	-1.5188	1.4037
-1.7154	-1.2997	2.6791	2.7738	2.9246	3.1015	-3.1147	1.1001	-1.8564	1.4861	2.0989	1.0238	1.2158	2.2925	-0.5055	-1.0027	-1.4930	-0.7897	-2.0476	-2.6505	2.1700	-1.7939	1.5854	-0.2681	-2.1106	1.9922	-2.4133	1.6503	3.0594	0.7316	-1.1332	-2.3049	1.4564	0.9124	-0.9787	0.7084	1.7707	0.2016	2.9239	3.0646	0.6174	-2.4788	2.8607	-1.8342	-0.1141	2.1293	0.0826	-1.0543	-1.4159	0.1465	2.8371	1.5698	-2.2770	-2.9743	-3.0681	1.1862	-2.0030	2.2026	-0.3628	-2.2462
2.8467	2.2385	-2.6653	3.0382	1.1271	1.9529	2.9744	-1.6395	2.6054	2.2528	-0.1233	0.5828	-1.1185	-1.6238	-1.6086	1.5712	0.9815	-0.6154	-3.0706	2.6271	-2.5420	1.4703	-1.1859	1.3383	2.0333	-3.0940	-1.8847	1.3968	-2.9061	-1.7716	0.2089	-0.7027	0.0930	3.0023	-0.5858	0.3391	-2.9275	-1.2895	-2.6197	-0.9135	-0.1643	-1.7060	-1.7458	0.4077	0.1010	-2.2850	0.1174	2.7169	1.4067	-1.0969	0.1175	3.0526	2.3551	-2.2030	-1.4240	-1.5414	-2.8063	1.5759	2.1481	-2.0211
-0.4670	-1.7194	-2.1978	-2.6524	-0.2479	-2.0202	-2.3967	2.0464	-0.7599	2.6104	2.8864	1.4678	-0.7392	1.2798	1.8367	2.1498	-0.4505	-0.5648	2.7834	3.0676	-3.1112	0.8372	0.5810	-2.9679	-2.2067	-0.9823	0.2709	1.4074	-2.8347	1.1731	0.1689	-0.7749	-1.5272	-1.3380	0.9338	0.1341	2.0562	-1.1937	-0.8163	2.7758	-2.6926	2.4179	-0.1879	1.4651	1.3442	1.8848	-2.9150	1.2260	-2.8159	1.8259	0.4412	-3.1257	-0.0937	-1.7772	-2.9479	-0.2452	-2.9198	-1.4642	-2.9368	1.8794
1.5032	2.1135	-0.3668	0.4697	-2.7669	-2.1050	0.5805	-1.2841	-2.6241	1.2476	2.5910	-2.9900	0.4973	-0.2233	2.9632	2.8810	-1.4399	2.3591	0.6540	-1.5100	0.8772	0.1538	-0.4141	0.9932	1.4068	2.9951	-2.8790	-0.4531	0.8275	-0.3539	1.9345	1.5253	2.6192	0.5108	2.1339	-1.9913	1.4596	-0.1567	-0.1395	-2.8664	1.7446	0.6890	0.1206	-0.0445	-1.8184	-0.3515	-0.0516	0.6411	0.3340	-2.2738	0.6413	-1.4942	-1.5110	-0.0348	-2.0934	-1.7912	2.4491	-1.3525	2.2342	0.3118
-2.5653	2.6950	1.5570	2.1195	-2.8528	0.8485	-2.0473	-0.8439	-0.4038	-0.0405	2.1200	1.6504	2.2386	2.3685	-0.1421	3.0787	0.2019	0.4213	-0.2377	-0.7279	-2.2082	-0.0864	-0.4578	0.4486	-0.6822	-1.6334	1.9749	0.2701	0.1718	2.3134	0.0967	-2.5421	2.8108	-3.0621	2.6268	0.9899	-0.1623	-2.8167	0.5691	-2.9945	-2.7425	-2.0735	2.6926	-2.4284	0.6098	-1.9479	1.0573	2.1165	2.3976	-2.9944	2.2228	2.6619	1.5360	1.4047	-1.6319	1.6499	3.1153	2.1980	1.5110	1.0405
1.3587	-1.7424	0.9618	-0.0408	-2.0924	-0.6428	2.0692	-2.1168	-0.1800	1.3912	0.9741	-1.3224	1.5419	0.1010	-0.2221	-0.9773	1.7492	-2.7191	2.4943	-1.7570	1.8815	-0.9723	-0.6968	-2.3393	1.9698	-0.5002	-1.5308	-2.2713	0.9456	1.3659	1.3167	2.2623	1.8434	-1.0245	1.5738	-1.8014	1.3501	3.0571	-3.0217	1.0652	-2.0496	-0.7758	2.9038	-0.1942	1.6896	-2.3890	-2.1612	1.1795	2.0782	-2.8252	0.7194	1.2517	-2.5607	-3.0637	-2.5865	-1.4412	0.5312	2.5038	-0.4863	3.0122
0.1718	-0.2126	0.2111	0.8625	-1.6990	0.9420	2.1217	-1.8678	-1.2835	-0.5637	-3.0012	-2.4233	2.7698	-0.4043	2.3791	-1.0906	0.1461	1.5600	2.3505	-2.8673	-2.8063	0.9381	2.5661	0.9538	0.4063	2.5290	0.4586	1.4793	0.1959	-1.4394	-0.3765	0.0802	-1.8056	0.1856	2.1619	-2.9121	-1.1483	-2.8666	-1.7297	-1.0133	0.8684	-0.6711	2.6857	0.2047	-2.1566	1.6324	-2.0851	-0.8897	-0.4928	1.7298	-0.8971	2.4165	-2.4397	0.5116	-2.8310	-1.6424	-0.7366	-2.4271	-1.2513	0.2393
-0.6645	1.7484	-1.7604	2.7349	-2.8682	-3.0920	2.0936	-0.8641	2.7118	-0.1366	-1.3386	-0.2812	-2.9945	-0.7019	0.8481	2.8104	1.2456	0.1853	0.4484	1.0298	0.9343	-2.8233	2.0586	-2.2358	-1.5369	-2.5687	-2.0895	0.2683	1.8749	2.0736	-1.7335	2.9014	-0.7582	-0.4180	2.2904	1.9672	2.4111	-0.1254	-2.2084	-2.1145	-0.1419	0.3407	0.6928	-0.5001	1.2942	-1.4539	-1.6640	-0.2128	-1.3430	-2.4501	-1.4512	-0.8995	-1.1632	3.0704	1.2439	1.2637	-3.0221	0.1192	1.9938	-0.5465
3.0254	-0.1734	-2.2576	-1.9835	-2.6204	0.6085	2.4644	1.4288	0.0700	-2.2731	0.9155	-2.0752	0.6708	-0.1510	-2.4662	-0.2405	-1.6846	-0.0484	1.8256	0.3812	3.0964	0.7725	-1.7644	-2.0274	2.2010	0.0542	-0.4858	-0.6732	-1.7732	-2.1173	2.7632	0.6861	2.8125	1.7891	2.1977	-2.2071	1.5647	-1.1764	-2.8651	-1.1159	-2.3640	1.8096	0.9493	-1.7540	-0.3648	2.3086	-2.3213	0.8702	2.2958	-0.5774	2.3473	-1.5344	-3.1101	-1.2184	1.0876	1.4898	-2.7737	-2.3875	1.4854	0.1629
-1.0499	0.3858	-2.5754	-2.2198	-0.6823	1.7995	-0.0089	0.8111	2.4809	-1.3363	-0.6746	-2.0620	-2.0329	-0.4480	2.6791	-2.0428	-1.6675	0.0970	0.6338	0.5340	-2.3667	-0.4893	-2.1675	-1.0373	-2.8780	1.8736	1.7114	1.4769	0.2198	2.7741	-0.4668	-1.4668	-0.0697	-0.3224	0.5599	-0.8787	0.5509	0.3433	-1.5181	-2.6409	-1.3678	0.4675	-1.0168	-2.7833	-1.7728	1.3575	1.3058	-0.9079	1.6890	-0.1509	-1.2056	-2.7377	1.7499	-3.0654	2.1795	0.2180	-1.5137	0.1393	0.7616	1.7788
-2.7029	2.2659	-2.6876	-2.3266	-2.4763	-0.5226	2.2666	1.0832	2.9520	2.8251	1.7833	-1.3072	2.2034	0.0530	-1.7749	2.7257	1.0438	2.8823	0.7354	-2.1944	0.2825	-1.4391	-1.3682	-2.7135	3.1247	2.3533	-0.9930	1.6729	2.7170	0.7543	-0.4871	1.3335	0.6934	-0.4218	0.2896	-0.9297	-0.1535	-2.3677	0.8381	-2.7996	-2.0571	-2.6076	-3.0800	-1.8985	3.1072	2.9707	0.7103	-2.4951	0.1301	3.0602	2.8807	-0.0571	-0.9503	-2.9777	-1.4376	-2.7935	-1.0602	1.5154	2.8869	-0.3668
3.1030	2.9738	1.2574	-1.4184	0.2165	-1.9352	-0.8051	3.0195	1.7953	2.7442	1.7447	-3.0699	1.3130	2.8689	-0.1553	1.1873	-2.6482	-2.5497	0.7114	3.0038	1.1552	-2.1083	2.7155	2.0260	1.1084	-2.4976	0.6333	-2.1963	0.1195	3.1346	1.8283	-2.3092	0.6075	1.6043	0.4843	-2.7597	-2.4770	1.3466	-1.9731	0.5587	0.4305	2.2181	-1.9170	1.3504	-2.5186	2.6325	-0.2518	3.0864	1.0809	-0.5195	-1.9376	-0.9021	0.7572	-0.6629	1.8228	-0.6812	0.7886	-2.9357	-2.3192	2.5429
-2.0616	1.8788	2.8442	-2.5826	-0.1078	-0.6129	0.5266	0.4706	-0.1224	1.7869	0.1410	-1.9675	-1.8805	-0.3648	1.1261	2.5213	-0.3191	-0.6433	1.6165	1.1552	1.5751	2.9799	-2.3094	-0.6060	0.4107	0.9715	1.2215	-2.4019	-2.4607	0.0725	2.4075	2.4858	-0.4560	2.2066	-2.0554	0.4803	-1.9118	-2.9880	2.3578	2.8160	1.9052	-3.0125	2.4187	-2.4034	1.4436	1.5150	1.6469	2.6363	2.0884	2.1975	1.4580	-0.9769	-0.7698	-0.6378	-0.5220	0.9983	1.8617	2.9640	-1.3528	-0.3473
-2.1351	2.6461	0.6200	-1.4517	-1.9215	-0.6656	2.2368	-0.4301	1.7079	-2.7350	-1.5991	2.8565	3.0910	0.9396	-2.3415	-0.4678	-3.0442	-1.7388	2.0494	0.3878	-3.0952	0.3950	-0.5452	1.9756	3.0878	-1.4311	-0.5660	0.2847	0.1861	2.8958	-1.6518	-0.6747	-1.4213	-2.6122	2.4903	-1.4233	-1.9292	-0.4750	0.5148	1.9052	1.3458	2.9455	2.7773	1.1258	0.9446	1.1098	1.2021	-2.6094	-0.4348	-2.6004	2.0991	1.3067	0.9286	1.9930	0.7885	2.6165	-1.5638	-0.2998	2.9156	-3.0854
-0.2805	-2.3006	2.7641	-2.2300	-1.3578	2.1801	0.1778	0.8443	-2.4014	1.5181	-1.5626	2.7425	2.4380	1.3999	2.1549	2.5195	0.9502	-2.2404	2.9044	-2.9822	-2.1994	1.5087	0.8079	2.3740	-1.1792	-3.0726	2.4334	2.3730	-2.9827	3.0356	-2.8976	-0.7694	2.7654	-2.9587	1.6332	2.8501	2.4925	1.8593	-1.7279	-2.1837	-0.1401	1.9211	-2.7048	-1.9381	-1.1213	0.4933	-2.0005	-2.7110	2.5470	2.0148	0.7598	0.9613	-2.0137	-2.4611	0.3461	1.1789	-2.8619	-0.3465	0.4540	-2.2850
2.5449	-2.1691	-3.0504	2.7482	2.6229	1.4585	-1.0788	0.1793	2.8344	-0.8892	-2.9868	0.1017	-2.6355	-2.9233	1.1818	-1.5534	2.3508	-0.4430	0.5856	-1.9881	-0.4238	2.4936	-3.0809	-1.4133	-0.5387	2.4560	-2.4307	2.5234	-0.1074	1.4046	-0.7579	-2.0226	-2.4159	-2.9206	-0.6738	1.5417	2.6700	1.6363	1.2425	-0.3928	-3.0305	-2.1612	-0.8866	2.7544	-3.0715	0.4735	0.7095	-2.6026	-2.3853	1.1957	3.0526	1.6064	1.4542	2.0546	1.4472	-1.9601	-0.7882	-0.1244	-2.9227	2.0492
2.0845	1.5520	-2.4886	0.9551	-2.5202	-1.6460	-1.6090	-1.7344	0.5595	-1.9037	0.7275	-2.7496	3.1278	1.4799	-2.8083	0.1628	-3.0031	0.7472	0.4036	-2.9177	-0.9812	2.6658	-3.1202	-2.4159	0.9391	-2.4186	0.9556	0.9692	-2.0499	-2.6138	2.0643	2.2926	3.0627	1.4310	2.8615	-0.0888	-1.3631	-1.2734	2.5612	-1.2655	-2.1015	1.2649	0.5997	2.3997	1.5639	0.8485	-2.8461	-1.7117	1.6430	-0.7551	1.2771	-0.9147	2.3316	-0.7233	-2.7157	3.0010	-1.1607	2.8949	0.4498	0.9344
2.8311	2.1330	-0.7733	0.5994	-0.4099	-0.1042	-2.3278	0.7947	-0.2222	3.0101	-0.8868	-0.1870	-1.5866	0.3418	-1.7224	-1.3329	2.5027	-2.5323	-1.9317	0.0294	0.7627	0.6219	-3.0767	0.5501	1.9263	1.0942	0.0921	2.0758	2.9672	1.4903	0.7648	-1.3275	-0.4936	0.2392	2.0232	2.1938	-2.4594	-0.4425	0.7793	0.1054	-1.2132	0.8253	0.6521	-3.1042	2.8856	-1.1196	2.0710	0.5443	0.0140	-0.8542	0.0912	1.5819	-0.1321	1.9315	-2.2387	3.1014	0.9456	1.5960	-3.0430	-2.3156
